230100
192102
175101
175102
114241
152200
175201
175203
175205
175206
175210
114326
114330
114350
114396
152304
152329
152341
175301
175302
175303
175305
175306
175309
175310
175311
175316
175317
175318
175343
175345
241101
241102
241103
241203
241204
241205
241241
241242
241295
241304
241305
241306
241341
241342
241395
241396
134102
135103
201112
201113
201114
201115
201116
201117
201119
134209
135201
135211
200215
201201
201211
201214
201216
201218
201219
201220
134309
135301
201312
201313
201314
201318
201319
201320
201382
149100
149110
149140
149151
149160
149200
149210
149230
149240
149251
149253
190240
149300
149310
149335
149340
149350
149370
131121
132112
146102
131221
145218
150213
176219
200201
121311
131321
145311
146313
146318
170302
176309
176323
179330
200301
115106
178100
178110
148205
178200
178201
178204
178210
178220
178221
178240
178242
178250
178280
178300
178301
178307
178308
178320
178328
178350
178351
178358
178360
178370
254101
254103
275102
187209
187219
254201
254203
256201
275202
275208
275237
186342
187310
187318
254301
254303
254304
254311
263301
267390
269373
275307
175102
275102
175201
175203
175205
175206
175210
249284
249287
256201
175306
249384
256301
256302
258301
263301
263331
139104
139105
139120
139122
139123
139139
139142
139171
154108
139201
139202
139209
139210
139223
139224
139225
139226
139229
139230
139242
139251
139253
139254
139272
139275
139302
139303
139304
139307
139305
139323
139326
139327
139329
139330
139352
139361
139374
139375
139376
139378
139379
154308
121103
132111
132112
145111
146102
176102
121211
145213
145214
150201
176206
121311
131321
134318
145311
146318
176308
164161
164162
243101
243102
164261
243201
243202
243203
164361
243301
243303
243304
243390
145111
145121
145201
145208
145209
145213
145214
145216
145218
145222
145223
145224
145225
145301
145303
145304
145308
145309
145311
145318
145320
145327
145330
164161
164162
244101
244102
164213
164261
244201
244202
244203
164315
164361
244301
244302
244390
148105
148109
148110
148111
148112
148113
148114
148115
148116
148120
176104
148204
148205
148208
148212
148213
148214
148215
148216
148217
148218
148219
148220
148221
148222
148291
148292
148301
148312
148313
148316
148317
148324
148329
148330
148331
148332
148333
148334
148335
148336
148337
148338
148391
148392
242102
242103
242201
242202
242203
242204
242205
242301
242302
242304
242305
242306
242307
242390
172132
172133
172231
172232
172233
172234
172235
172236
172237
172331
172332
172334
172335
172336
172337
172381
150106
150110
150111
150114
167101
150201
150202
150204
150206
150210
150211
150213
150215
150216
150301
150302
150303
150311
150314
160101
160102
160103
160131
160203
160204
160211
160212
161200
160301
160302
160314
160316
160317
160318
160319
160320
160325
160380
139120
154101
154103
154108
154115
172131
139275
146206
154201
154202
154203
154204
154205
154206
154212
154215
154222
154224
154228
154291
164261
219204
133303
139323
139376
146306
146316
154301
154302
154303
154304
154305
154308
154309
154310
154311
154312
154391
154392
176303
176320
133101
133107
133108
133109
133115
133201
133202
133205
133206
133207
154205
133301
133302
133303
133305
133307
133333
154305
254322
134101
134102
134103
134104
134105
134201
134202
134203
134204
134205
134208
134209
134210
134212
134215
134216
134217
134218
134220
134291
200215
134301
134302
134303
134304
134308
134309
134310
134312
134315
134316
134317
134318
134320
134391
200315
131121
176102
178110
200161
200162
135210
146208
146214
148205
150201
150204
170201
176206
200201
200203
200215
200261
279201
145318
148329
200301
200302
200315
200361
200391
279301
175101
175102
175201
175203
175205
175206
175210
175301
175302
175303
175305
175306
175307
175309
175310
175311
175316
175317
175318
175343
175345
147101
147102
147201
147202
147203
147291
147292
147301
147302
135101
135102
135103
135104
135201
135204
135205
135206
135207
135208
135209
135210
135211
135291
135301
135305
135306
135307
135308
135391
135392
146101
146102
131221
146206
146208
146209
146210
146211
146213
146214
146281
146282
146283
150213
176216
146302
146303
146304
146305
146306
146307
146310
146311
146312
146313
146315
146316
146317
146318
146381
146382
146383
148312
176310
115106
176101
176102
176104
178100
178110
200161
200162
279101
148205
150201
150204
176206
176216
176218
178210
179202
179230
200215
200261
279201
279203
150301
176301
176303
176310
176320
179320
179330
200361
279301
279302
279303
279304
279305
279391
279392
176101
176102
176103
176104
176202
176203
176204
176205
176206
176207
176209
176210
176211
176213
176214
176215
176216
176217
176218
176219
176220
176221
176301
176302
176303
176305
176308
176309
176310
176312
176313
176315
176316
176318
176319
176320
176322
176323
164161
164162
245101
245102
245103
164253
164261
245201
245202
245203
245204
164361
245301
245303
245304
160101
161100
161120
161130
160203
160211
161200
161220
161221
161230
161231
161240
161301
161320
161321
161322
161323
161324
161325
161326
161330
161331
161342
161343
161345
170101
170102
170201
170202
170301
170302
170303
170391
192101
192102
164161
164162
164261
164361
250131
250231
250317
250233
250331
250332
250333
230100
230101
230102
167101
155215
166201
166202
166203
132221
